x <- 13
y <- 23
z <- x^y